1850 50 211
1 69
2 100
3 98
4 76
5 25
6 115
7 56
8 25
9 76
10 91
11 51
12 28
13 40
14 109
15 21
16 103
17 86
18 80
19 80
20 48
21 111
22 103
23 105
24 70
25 90
26 74
27 82
28 49
29 115
30 95
31 82
32 52
33 84
34 78
35 76
36 44
37 93
38 101
39 89
40 114
41 29
42 56
43 84
44 31
45 63
46 56
47 63
48 80
49 58
50 97
0 6
0 11
0 13
0 20
0 26
0 27
0 28
0 31
0 33
0 37
0 47
1 4
1 22
1 28
1 33
1 44
1 45
1 50
2 4
2 23
2 27
3 6
3 30
3 33
3 35
3 49
3 50
4 9
4 43
5 8
6 7
6 9
10 8
10 11
10 15
10 17
10 18
10 22
10 24
10 26
10 33
10 35
10 38
10 42
11 3
11 6
11 12
11 22
11 24
11 25
11 27
11 42
11 45
12 4
12 13
12 17
12 46
12 49
13 4
13 15
13 18
13 21
13 26
13 32
13 34
13 35
13 43
13 48
14 7
14 29
14 40
15 3
15 4
15 5
15 8
15 27
15 29
15 31
15 32
15 39
16 8
16 21
16 25
16 28
16 39
17 2
17 5
17 29
17 31
17 35
17 42
17 43
17 45
17 47
18 30
18 34
18 44
18 47
19 8
19 23
19 28
19 29
19 30
19 31
19 32
19 37
19 50
20 22
20 27
20 42
20 48
20 49
21 31
21 33
21 42
21 48
22 4
22 7
22 8
22 29
22 46
23 5
23 8
23 37
23 49
24 7
24 37
24 38
24 41
24 42
25 3
25 6
25 9
25 27
25 30
25 33
26 30
26 32
27 50
28 5
28 29
28 32
28 37
29 30
29 32
29 35
29 36
29 39
29 42
30 31
30 33
30 35
30 45
30 49
31 36
31 40
31 45
31 48
31 50
32 4
32 34
33 4
33 5
33 35
33 45
33 49
34 5
34 8
34 39
34 48
34 49
35 6
35 7
35 9
35 44
35 46
36 4
36 40
36 47
36 50
37 7
37 8
37 39
37 45
37 49
38 6
38 40
38 47
39 44
39 47
40 5
40 46
40 47
40 48
41 9
41 49
42 8
43 8
43 46
43 48
44 9
44 45
45 7
45 47
46 7
46 47
47 8
48 50
49 7
50 8
50 9
