1285 40 173
1 51
2 95
3 41
4 38
5 35
6 94
7 73
8 65
9 113
10 44
11 75
12 40
13 91
14 86
15 45
16 45
17 70
18 111
19 21
20 49
21 24
22 37
23 65
24 64
25 106
26 90
27 37
28 89
29 105
30 44
31 47
32 67
33 83
34 28
35 72
36 45
37 87
38 109
39 56
40 34
0 1
0 7
0 19
0 20
0 22
0 24
0 26
0 32
0 35
0 39
1 6
1 16
1 27
1 36
1 40
2 4
2 5
2 7
2 33
2 40
3 4
3 33
3 35
3 36
6 8
10 4
10 5
10 9
10 13
10 16
10 23
10 36
10 39
10 40
11 4
11 8
11 17
11 25
11 29
11 33
12 14
12 16
12 19
12 23
12 30
12 35
12 37
13 3
13 15
13 17
13 19
13 23
13 25
13 27
13 29
13 31
13 33
13 36
13 39
14 2
14 4
14 7
14 8
14 15
14 28
14 29
14 30
14 32
14 36
14 38
15 17
15 24
15 27
15 34
16 7
16 27
16 32
16 33
16 34
16 37
17 19
17 28
17 30
17 39
18 3
18 5
18 9
18 19
18 28
18 31
18 37
19 21
19 29
19 35
19 39
20 4
20 5
20 22
20 35
21 5
21 25
21 28
21 33
22 3
22 6
22 23
22 24
22 33
22 35
22 38
22 40
23 4
23 27
23 29
23 32
23 33
23 34
23 36
23 38
24 3
24 4
24 6
24 8
24 9
24 29
24 30
24 36
24 38
24 39
25 3
25 6
25 28
26 3
26 34
26 37
26 38
26 40
27 6
27 8
27 28
27 31
27 34
28 5
28 6
28 36
28 37
29 30
30 7
30 37
31 6
31 7
31 8
31 32
31 34
31 37
31 38
32 8
32 9
32 35
32 36
32 37
32 40
34 40
35 8
36 4
36 7
37 4
37 7
37 9
39 4
40 5
40 7
40 9
