1374 42 166
1 84
2 103
3 100
4 61
5 90
6 28
7 45
8 95
9 84
10 80
11 77
12 60
13 44
14 84
15 24
16 86
17 104
18 84
19 42
20 41
21 78
22 20
23 80
24 31
25 105
26 38
27 35
28 96
29 47
30 28
31 86
32 94
33 55
34 23
35 72
36 30
37 60
38 21
39 42
40 106
41 67
42 119
0 1
0 2
0 9
0 11
0 23
0 26
0 27
0 29
1 3
1 5
1 8
1 23
1 25
1 28
1 38
2 7
2 8
2 27
3 9
3 30
3 34
3 35
3 37
3 40
4 7
4 42
8 9
10 6
10 16
10 29
10 35
10 38
10 39
10 41
10 42
11 8
11 18
11 33
11 36
11 37
12 3
12 6
12 16
12 18
12 23
12 34
12 41
13 3
13 4
13 21
13 23
13 24
13 34
13 36
14 2
14 3
14 7
14 23
14 26
14 32
14 37
15 2
15 3
15 8
15 9
15 29
15 34
15 35
15 37
16 7
16 9
16 17
16 20
16 25
16 31
16 40
17 4
17 19
17 25
17 38
17 40
17 42
18 23
18 30
18 32
18 33
18 39
19 5
19 23
19 24
19 25
19 26
19 28
19 41
20 9
20 21
20 27
20 28
20 32
20 33
20 38
20 40
21 37
22 3
22 8
22 31
22 39
23 28
23 30
23 34
23 37
24 25
24 27
24 38
25 5
25 26
25 33
25 36
25 40
26 6
26 27
26 28
27 3
27 8
27 32
27 38
27 39
27 41
28 5
28 8
28 32
28 33
29 4
29 31
29 37
30 5
31 6
31 7
31 34
31 39
31 40
32 4
32 5
32 6
32 36
32 37
33 9
33 34
33 39
34 4
34 7
35 4
35 9
36 6
37 8
38 4
39 6
39 7
39 9
39 40
39 42
40 8
40 42
42 5
42 7
42 9
