1051 30 120
1 22
2 49
3 51
4 118
5 92
6 88
7 87
8 80
9 74
10 37
11 34
12 98
13 35
14 82
15 101
16 60
17 79
18 50
19 97
20 80
21 40
22 31
23 63
24 107
25 80
26 62
27 76
28 77
29 105
30 47
0 8
0 14
0 17
0 20
0 29
0 30
1 11
1 13
1 16
1 18
1 20
1 22
1 28
1 30
2 5
2 20
2 27
2 28
2 30
3 7
3 30
4 7
4 9
5 6
10 12
10 13
10 15
10 16
10 17
10 18
10 28
11 4
11 7
11 8
11 21
11 23
11 27
11 30
12 7
12 8
12 9
12 15
12 18
12 21
12 22
12 28
13 3
13 4
13 15
13 24
13 28
14 3
14 5
14 7
14 9
14 28
15 5
15 9
15 25
15 28
15 29
16 3
16 5
16 7
16 20
16 23
16 27
16 28
17 4
17 5
17 8
17 18
17 20
17 26
17 29
17 30
18 2
18 4
18 6
18 8
18 19
18 21
18 26
18 30
19 7
19 21
19 24
19 28
20 3
20 21
20 23
20 26
20 28
21 4
21 27
22 7
22 28
22 30
23 3
23 4
23 8
23 26
23 30
24 3
24 4
24 6
24 9
25 3
25 26
25 27
25 29
26 4
26 6
26 29
27 3
27 8
28 3
28 7
29 3
30 9
