1584 46 179
1 119
2 49
3 34
4 95
5 75
6 73
7 25
8 92
9 45
10 105
11 28
12 85
13 110
14 85
15 66
16 45
17 95
18 116
19 52
20 56
21 80
22 112
23 39
24 35
25 24
26 116
27 27
28 112
29 111
30 85
31 89
32 77
33 20
34 27
35 34
36 116
37 111
38 89
39 50
40 86
41 23
42 40
43 82
44 50
45 46
46 37
0 3
0 5
0 9
0 12
0 22
0 37
1 18
1 40
2 3
2 22
2 29
2 34
2 40
2 45
2 46
3 4
3 6
3 37
4 43
10 2
10 5
10 11
10 13
10 16
10 17
10 26
10 29
10 33
10 41
11 2
11 8
11 9
11 13
11 14
11 21
11 23
11 24
11 31
11 35
12 7
12 15
12 33
13 3
13 16
13 18
13 20
13 24
13 26
13 29
13 46
14 23
14 25
14 28
14 35
15 16
15 18
15 28
15 34
15 45
16 5
16 22
16 30
16 32
16 45
17 4
17 7
17 8
17 29
17 37
17 38
17 42
18 2
18 4
18 21
18 23
18 30
18 39
18 41
18 42
19 8
19 25
19 31
19 37
19 39
20 9
20 21
20 26
20 31
20 35
20 36
20 39
20 43
20 46
21 5
21 7
21 22
21 34
21 39
21 43
22 25
22 26
22 27
22 31
22 37
22 45
23 4
23 38
23 40
23 41
24 3
24 7
24 27
24 33
24 34
24 37
24 42
25 28
25 32
25 46
26 4
26 6
26 32
26 44
26 46
27 36
28 8
28 29
28 30
28 31
28 40
28 41
29 5
29 30
29 39
29 46
30 32
30 33
30 34
30 43
30 44
31 32
31 37
31 40
31 41
32 5
32 33
32 34
33 6
33 35
33 36
33 39
33 45
33 46
34 35
34 40
35 7
35 40
35 45
36 8
36 40
37 9
37 38
37 41
37 42
38 40
38 41
38 42
38 46
39 8
40 9
40 44
41 5
41 6
41 44
42 46
43 5
44 9
45 7
46 6
