1512 38 177
1 110
2 114
3 100
4 118
5 33
6 76
7 102
8 105
9 25
10 75
11 86
12 108
13 80
14 83
15 45
16 117
17 89
18 77
19 109
20 111
21 22
22 30
23 79
24 83
25 78
26 77
27 115
28 88
29 102
30 70
31 32
32 71
33 117
34 116
35 26
36 70
37 32
38 54
0 8
0 17
0 22
0 25
0 26
0 27
0 38
1 6
1 7
1 10
1 16
1 20
1 21
1 22
1 23
1 26
1 34
1 35
1 38
2 5
2 7
2 9
2 23
2 25
2 26
2 27
2 28
2 33
2 35
2 37
2 38
3 7
3 8
3 9
3 30
3 31
3 34
3 35
3 37
3 38
4 5
4 7
4 8
6 9
10 7
10 8
10 9
10 18
10 28
10 31
10 34
10 35
11 3
11 21
11 24
11 28
11 29
11 33
11 34
11 37
12 6
12 7
12 9
12 15
12 18
12 19
12 24
12 36
13 2
13 16
13 19
13 20
13 32
14 7
14 15
14 20
14 23
14 26
14 29
15 7
15 30
15 34
15 36
15 38
16 5
16 8
16 9
16 19
16 22
17 20
17 22
17 24
17 27
17 31
17 32
17 37
18 8
18 19
18 21
18 22
18 26
18 27
18 32
18 38
19 2
19 24
19 33
19 37
20 5
20 8
20 9
20 25
20 27
20 34
20 35
20 37
21 9
21 22
22 3
22 4
22 26
22 29
22 31
23 7
23 9
23 27
23 37
24 9
24 26
24 28
24 29
24 31
25 6
25 9
25 26
25 28
25 31
25 36
25 38
26 8
26 27
26 29
26 32
26 34
26 36
27 8
27 9
27 29
28 7
28 30
29 5
30 4
30 7
30 31
30 32
30 34
30 37
31 5
31 37
31 38
32 6
32 34
33 4
34 5
34 35
34 36
35 6
35 7
35 38
36 4
36 6
36 7
36 8
37 4
38 4
38 7
38 8
