2052 60 242
1 36
2 98
3 42
4 21
5 79
6 63
7 94
8 39
9 59
10 33
11 31
12 103
13 70
14 53
15 106
16 100
17 44
18 69
19 109
20 95
21 34
22 102
23 56
24 48
25 59
26 80
27 104
28 35
29 31
30 76
31 85
32 53
33 117
34 64
35 68
36 54
37 47
38 26
39 49
40 53
41 103
42 68
43 60
44 112
45 31
46 52
47 94
48 99
49 57
50 98
51 118
52 30
53 52
54 109
55 118
56 32
57 23
58 110
59 111
60 42
0 2
0 14
0 21
0 22
0 26
0 33
0 35
0 36
0 44
0 46
0 48
0 50
0 53
0 54
1 5
1 13
1 19
1 23
1 34
1 44
1 54
2 7
2 9
2 20
2 26
2 32
2 47
2 52
2 58
2 59
3 36
3 46
4 5
4 43
4 46
4 47
4 51
4 53
5 54
6 9
10 2
10 17
10 37
10 50
10 56
11 15
11 25
11 39
11 46
11 48
11 52
12 2
12 8
12 18
12 20
12 21
12 33
12 43
13 8
13 9
13 18
13 45
13 48
13 52
13 54
13 55
13 58
14 6
14 7
14 8
14 9
14 18
14 23
14 30
14 34
14 37
14 40
14 42
14 49
15 4
15 5
15 7
15 8
15 16
15 18
15 19
15 30
15 35
15 38
15 58
15 59
16 4
16 8
16 18
16 40
16 42
16 51
16 57
17 7
17 28
17 33
17 41
17 52
17 55
17 57
18 3
18 9
18 19
18 21
18 32
18 33
18 47
18 49
18 53
18 54
19 7
19 20
19 21
19 35
20 6
20 27
20 34
20 39
20 47
21 37
21 48
21 56
21 58
21 59
22 30
22 32
22 44
23 5
23 8
23 42
23 47
23 53
23 57
24 6
24 8
24 26
24 36
24 47
25 3
25 5
25 7
25 26
25 31
25 33
25 38
25 40
25 43
25 59
26 40
27 3
27 6
27 9
27 30
27 36
27 43
27 53
27 54
27 58
28 8
28 9
28 31
28 38
28 42
28 50
28 59
28 60
29 7
29 47
30 9
30 31
30 33
30 54
31 38
31 39
31 44
31 49
31 50
31 52
32 4
32 7
32 36
32 40
33 6
33 42
33 55
33 56
34 40
34 42
34 45
34 48
34 60
35 4
35 6
35 41
35 42
35 46
35 52
35 56
36 51
36 54
37 47
37 51
38 8
38 39
38 40
38 56
38 58
40 47
40 48
40 50
40 51
41 58
42 5
43 47
43 54
44 46
44 52
45 7
45 47
45 58
46 5
46 47
47 50
47 55
48 6
48 51
48 58
50 60
51 6
51 9
51 59
51 60
52 60
53 9
57 8
57 58
60 8
