1152 34 127
1 23
2 78
3 105
4 32
5 47
6 80
7 36
8 67
9 105
10 28
11 22
12 62
13 37
14 67
15 88
16 97
17 117
18 92
19 90
20 73
21 49
22 59
23 52
24 67
25 79
26 58
27 60
28 60
29 86
30 118
31 30
32 114
33 75
34 52
0 1
0 7
0 14
0 22
0 25
0 27
0 32
1 2
1 8
1 14
1 23
1 26
1 30
2 4
2 5
2 21
2 26
2 28
2 31
2 32
2 34
3 7
3 33
4 7
5 7
10 16
10 24
10 30
10 32
10 33
11 5
11 8
11 27
11 28
11 32
12 2
12 3
12 6
12 16
12 20
12 29
13 5
13 7
13 9
13 14
13 16
13 21
13 23
13 34
14 5
14 6
14 7
14 17
14 20
14 24
14 25
14 33
15 6
15 16
15 22
15 26
15 30
15 31
15 32
16 2
16 4
16 25
16 33
17 31
18 4
18 28
18 33
19 2
19 5
19 6
19 20
19 21
19 23
19 24
19 28
20 22
20 23
20 31
21 4
21 25
21 29
21 33
21 34
22 3
22 6
22 23
22 24
22 34
23 4
23 6
23 8
23 26
24 3
24 6
24 26
24 34
25 7
25 9
25 26
26 28
26 29
26 34
27 4
27 6
27 8
27 30
27 31
28 29
28 32
28 33
29 3
29 9
29 31
29 32
30 5
30 8
30 33
31 9
32 34
33 4
33 7
34 9
