1247 36 155
1 49
2 69
3 66
4 104
5 93
6 37
7 78
8 53
9 38
10 108
11 68
12 117
13 84
14 105
15 85
16 31
17 88
18 55
19 53
20 93
21 101
22 43
23 26
24 51
25 49
26 47
27 103
28 55
29 47
30 117
31 50
32 67
33 26
34 110
35 75
36 53
0 8
0 15
0 17
0 23
0 27
0 31
0 33
0 35
0 36
1 2
1 5
1 6
1 11
1 15
1 20
1 24
1 26
1 28
1 31
1 34
1 36
2 30
2 35
2 36
3 4
3 7
3 8
3 34
5 9
6 9
7 9
10 3
10 4
10 5
10 8
10 17
10 20
10 21
10 22
10 24
10 25
10 28
11 12
11 19
11 23
11 26
11 28
11 30
11 31
11 35
11 36
12 4
12 8
12 19
12 21
12 24
13 2
13 4
13 9
13 14
13 19
13 24
13 31
14 2
14 15
14 22
14 36
15 2
15 4
15 21
15 22
15 23
15 28
16 3
16 5
16 6
16 7
16 20
16 25
16 29
16 31
16 33
16 34
16 36
17 2
17 6
17 19
17 21
17 23
17 25
17 27
17 29
17 30
17 34
17 35
17 36
18 2
18 4
18 22
18 23
18 24
18 25
18 33
18 36
19 5
19 6
19 22
20 8
20 21
20 30
20 31
21 34
22 9
22 23
22 28
22 31
23 3
23 6
23 7
23 24
23 25
24 4
24 25
25 4
25 6
25 28
26 4
26 9
26 30
26 36
27 7
27 30
27 31
27 36
28 3
28 6
28 8
28 33
28 36
29 6
30 5
30 6
31 8
31 9
32 5
32 6
32 9
32 33
32 36
33 4
33 5
34 4
34 35
35 8
36 4
