1528 44 182
1 118
2 49
3 52
4 76
5 72
6 30
7 37
8 61
9 33
10 98
11 108
12 104
13 80
14 97
15 59
16 42
17 96
18 86
19 24
20 81
21 26
22 57
23 62
24 37
25 89
26 84
27 102
28 85
29 109
30 57
31 31
32 77
33 51
34 57
35 93
36 107
37 39
38 88
39 52
40 81
41 77
42 81
43 26
44 85
0 7
0 11
0 12
0 13
0 16
0 17
0 21
0 27
0 29
0 33
1 3
1 6
1 7
1 9
1 11
1 19
1 23
1 41
2 4
2 25
2 27
2 28
2 30
2 31
3 7
3 8
3 33
3 37
3 43
4 5
4 7
10 2
10 5
10 37
11 4
11 13
11 22
11 26
11 28
11 37
11 40
11 43
12 3
12 5
12 25
12 26
12 28
12 38
12 42
12 43
13 15
13 19
13 21
13 30
13 33
13 35
13 36
13 38
14 5
14 25
14 26
14 33
14 36
14 39
14 40
14 42
15 8
15 16
15 17
15 26
15 31
15 32
15 34
15 44
16 28
16 29
16 37
16 43
17 41
17 44
18 2
18 21
18 22
18 26
18 43
18 44
19 4
19 9
19 20
19 23
19 28
19 31
19 39
19 40
19 42
20 6
20 23
20 26
20 30
20 35
20 40
21 3
21 32
21 33
21 35
21 38
22 7
22 9
22 25
22 28
22 37
22 41
22 43
23 6
23 26
24 9
24 25
24 38
24 41
25 4
25 26
25 35
25 38
26 3
26 27
26 33
26 39
27 4
27 33
27 34
27 36
28 4
28 5
28 30
28 31
28 37
29 9
29 32
29 33
29 37
29 39
29 40
29 42
30 4
30 6
31 7
31 35
31 36
31 39
31 41
32 9
32 37
32 38
32 42
32 43
33 5
33 8
33 42
34 5
34 9
34 44
35 8
35 9
35 36
35 44
36 5
36 6
36 37
37 38
37 39
37 41
37 44
38 7
38 8
38 41
38 43
40 5
40 8
41 6
42 5
43 6
44 6
