1700 48 209
1 48
2 77
3 74
4 104
5 93
6 118
7 117
8 41
9 69
10 77
11 54
12 105
13 70
14 57
15 56
16 85
17 103
18 34
19 38
20 40
21 25
22 27
23 62
24 89
25 111
26 67
27 53
28 110
29 75
30 46
31 67
32 55
33 118
34 91
35 63
36 49
37 83
38 40
39 96
40 119
41 31
42 103
43 41
44 103
45 45
46 102
47 39
48 30
0 2
0 7
0 8
0 9
0 15
0 20
0 21
0 22
0 28
0 39
1 2
1 22
1 31
1 46
2 3
2 25
2 26
2 30
2 36
2 39
2 46
3 36
3 39
3 41
3 43
4 5
4 9
4 42
4 46
4 48
10 2
10 3
10 7
10 9
10 13
10 16
10 18
10 19
10 23
10 26
10 37
11 3
11 19
11 26
11 32
11 34
11 46
11 48
12 6
12 9
12 18
12 27
12 29
12 37
12 38
12 44
13 3
13 15
13 23
13 31
13 32
13 43
13 44
14 17
14 23
14 25
14 40
14 41
14 48
15 2
15 23
15 24
15 27
15 29
15 33
15 36
15 39
15 42
16 2
16 21
16 26
16 29
16 32
16 43
16 48
17 7
17 19
17 20
17 24
17 29
17 37
17 40
18 4
18 8
18 35
18 38
18 41
18 45
18 47
19 4
19 6
19 7
19 26
19 38
19 41
20 5
20 23
20 38
21 3
21 22
21 30
21 37
21 38
21 41
21 45
21 47
22 5
22 7
22 23
22 25
22 27
22 28
22 31
22 40
22 43
23 5
23 6
23 41
23 42
23 43
23 45
24 4
24 6
24 8
24 26
24 43
25 30
25 33
25 38
25 39
25 47
26 8
26 27
26 33
26 48
27 7
27 32
27 36
27 43
27 44
27 45
28 8
28 30
28 39
28 42
29 9
29 30
29 33
29 37
29 47
30 46
30 48
31 6
31 7
31 37
31 41
31 42
31 44
31 45
31 47
32 7
32 39
32 41
33 46
33 48
34 4
34 6
34 36
34 37
34 38
34 43
35 5
35 39
35 44
35 46
36 7
36 9
36 40
36 41
37 40
38 9
38 45
38 46
38 47
39 5
40 6
40 7
40 44
41 9
41 45
41 46
41 47
41 48
42 7
42 48
43 8
43 44
43 46
45 6
