1103 32 135
1 62
2 107
3 113
4 68
5 103
6 68
7 52
8 95
9 65
10 96
11 43
12 30
13 78
14 109
15 29
16 91
17 62
18 68
19 60
20 83
21 22
22 41
23 94
24 101
25 70
26 30
27 99
28 86
29 47
30 26
31 30
32 79
0 1
0 2
0 3
0 10
0 14
0 18
0 20
0 29
1 2
1 3
1 8
1 13
1 14
1 15
1 19
1 22
1 25
1 27
1 29
1 30
1 31
2 3
2 4
2 9
2 27
3 9
3 30
3 32
4 8
4 9
6 8
10 3
10 6
10 8
10 9
10 11
10 12
10 17
10 18
10 19
10 21
10 22
10 26
10 31
11 3
11 5
11 7
11 8
11 14
11 16
11 18
11 19
11 20
11 21
11 23
11 26
11 28
11 30
12 2
12 3
12 14
12 22
12 23
12 27
12 31
12 32
13 5
13 16
13 20
13 23
14 7
14 19
14 23
14 24
14 31
14 32
15 4
15 5
15 6
15 8
15 22
15 25
15 29
15 31
15 32
16 5
16 9
16 19
16 21
16 29
17 3
17 4
17 19
17 31
18 24
18 25
19 2
19 3
19 4
19 9
19 21
19 31
20 7
20 22
20 24
20 25
21 4
21 6
21 22
22 7
22 29
23 5
23 25
23 31
23 32
24 3
24 6
24 26
24 28
24 31
25 9
26 8
26 27
27 3
27 7
27 29
27 31
28 5
28 7
28 30
28 31
29 7
29 9
30 6
32 5
